5. zad
k = 3
0.009722508251647832
0.009715910676162398
0.00971613376915359
0.011200983474110915
0.009715909884982776
0.009718944656296136
0.009715929451778127
0.00971591104451247
0.010181158231148735
0.009778927756331768

k = 4
0.009715909877538675
0.009715912855269238
0.009715909877514417
0.009717190427830813
0.009759319936198052
0.009715909877514528
0.009715909877514473
0.009715909877517137
0.009715923166671692
0.009715909877517637

k = 5
0.009715909877514639
0.007074709406829804
0.009715909877514584
0.009715909877514417
0.009715909890055663
0.00971590987751525
0.009715909877514473
0.009715909877514473
0.009715914969104011
0.009715913583671965

k = 6
0.009715909948018298
0.009715909877514417
0.009715909877514362
0.009715909877514417
0.009715909877514473
0.009715909877514417
0.012635509107352894
0.009715909877514528
0.012452085142012348
0.009715909877514528

k = 7
0.005216400283413081
0.009715909877514362
0.037224075107487875
0.009715909877514417
0.0007835669673632029
0.009715909877514362
0.0060073296328184145
0.009715909877514417
0.009715909877514806
0.009715909877525408

k = 8
0.009715909877514362
0.009715909877514417
0.009715909877514417
0.02857841754802326
0.009715909877514417
0.009715909877514362
0.00971590987751475
0.009715909877514362
0.009715909877514362
0.009715909887511032

k = 9
0.009922932477194835
0.009715909877514362
0.009715909877514417
0.018681372187521916
0.009715909877950846
0.009715909877514362
0.009715909877514417
0.009715909877514362
0.009715909877514362
0.009715909877514417

Najbolji tur_size = 7
