Vjerojatnost mutacije = 0.1
0.009715910278093542
0.009715909877514806
0.010301691534789437
0.009715909877518136
0.009715912053940956
0.009715909877514917
0.01806721841440989
0.00971590987881571
0.00971591015090012
0.009715909877556106

Vjerojatnost mutacije = 0.3
0.009715919829690667
0.009715909967782543
0.009715910395461214
0.00971591209087902
0.009715915773569284
0.009715911578000558
0.009715910282072637
0.00971590987755222
0.010621323313315667
0.009715909877677675

Vjerojatnost mutacije = 0.6
0.031213473687219162
0.009724487211478838
0.03947247563031547
0.01412710131153383
0.016956864949660255
0.009731466530938482
0.009715939505209603
0.03814263180706695
0.014909481459774665
0.009717994503124605

Vjerojatnost mutacije = 0.9
0.009740480595042622
0.009904642558618892
0.010879693507676147
0.013198058034383287
0.010169487414014966
0.04019831708705157
0.02659223989253584
0.01047002464418717
0.01659850836891108
0.03724972236540175

Pronadeni p_M = 0.1
