Velicina populacije = 30
0.011381686567362936
0.009985243020826873
0.009715909877564599
0.009715909879027984
0.013261956126364938
0.00971594603211895
0.009715909877523687
0.00971590988396509
0.009715909897821451
0.009715909953387447
Velicina populacije = 50
0.044972532274133836
0.009715913622490746
0.009715909878015128
0.009715909878876716
0.009715909877515638
0.05361441503804437
0.0404746094254026
0.009715909899688013
0.0013501550434732446
0.009722803980819261
Velicina populacije = 100
0.01050726864659629
0.01013940504539973
0.03630488338569082
0.009715927590231044
0.009715930920880467
0.01041847309169297
0.009715910491658486
0.010252212383335124
0.0327164935038593
0.035979711999562236
Velicina populacije = 200
0.07965601453667259
0.010794559177141116
0.014889713525561676
0.018233566552669278
0.0333493380811411
0.037228636115305025
0.010393618656637404
0.03809944221075506
0.009846048597990487
0.039584860438467984
Pronadeni N = 30
